10625 8625 2.000000
334 nodes
t 3231 8454 0 8 34 0.866667 4 t24
t 3242 8537 1 0 2 1.06667 3 t0
t 3256 8521 2 4 6 1 4 t1
t 3255 8477 2 19 7 0.204082 4 t12
t 3298 8498 3 15 7 3.9813 4 t3
t 3276 8505 3 15 16 0.866667 7 t2
t 2516 8298 381 64 381 0.5625 1 t154
t 2608 8298 382 66 382 0.5625 1 t155
t 2700 8298 383 68 383 0.5625 1 t156
t 2793 8298 384 70 384 0.5625 1 t157
t 2886 8298 385 72 385 0.5625 1 t158
t 2896 8477 386 14 9 1.28571 7 t17
t 2803 8477 387 13 17 1.28571 7 t16
t 2279 8439 18 9 388 1.46154 5 t31
t 2279 8370 18 26 389 1.15385 5 t83
t 2279 8390 390 53 18 1.15385 5 t73
t 2279 8322 391 83 18 1.14286 1 t130
t 2278 8289 392 91 18 1.14286 1 t178
t 2240 8439 20 9 393 1.38462 5 t30
t 2241 8390 394 53 20 1.23077 0 t72
t 2317 8370 21 26 395 1.30769 5 t85
t 2317 8303 21 27 396 1.15385 4 t153
t 2318 8336 21 28 397 1.30769 4 t122
t 2318 8424 398 41 21 1.07143 0 t47
t 2317 8390 399 53 21 1.30769 5 t75
t 2318 8356 400 57 21 1.30769 0 t105
t 2296 8439 22 9 401 1.38462 4 t32
t 2297 8370 22 26 402 1.38462 4 t84
t 2297 8390 403 53 22 1.38462 4 t74
t 2296 8322 404 83 22 1.07143 4 t131
t 2296 8289 405 91 22 1.21429 0 t179
t 2219 8424 406 41 23 1.35714 4 t46
t 2219 8390 407 53 23 1.38462 1 t71
t 2335 8439 25 9 408 1.38462 4 t33
t 2334 8370 25 26 409 1.07692 4 t86
t 2334 8390 410 53 25 1.07692 4 t76
t 2335 8322 411 83 25 1.21429 0 t132
t 2334 8289 412 91 25 1.21429 0 t180
t 2710 8477 413 12 26 1.28571 7 t15
t 2526 8477 414 10 27 1.28571 7 t13
t 2618 8477 415 11 28 1.28571 7 t14
t 3083 8425 416 35 31 1.07143 2 t41
t 3118 8425 417 36 31 1.07143 2 t42
t 3151 8425 418 37 31 1.07143 6 t43
t 3186 8425 419 38 31 1.07143 6 t44
t 3171 8408 420 17 32 1.07143 7 t57
t 3069 8409 421 27 32 1.21429 3 t54
t 3103 8409 422 28 32 1.07143 7 t55
t 3151 8408 423 37 32 1.07143 3 t56
t 2258 8370 33 26 424 1.15385 5 t82
t 2257 8322 425 83 33 0.928571 1 t129
t 2257 8289 426 91 33 1.21429 1 t177
t 3083 8440 427 35 34 1.07143 3 t26
t 3118 8440 428 36 34 1.07143 3 t27
t 3151 8440 429 37 34 1.07143 7 t28
t 3186 8440 430 38 34 1.07143 7 t29
t 3079 8254 431 27 35 1.33333 6 t200
t 3113 8254 432 28 36 1.33333 6 t201
t 3147 8254 433 26 37 1.33333 6 t202
t 3182 8254 434 17 38 1.33333 6 t203
t 3215 8254 435 9 39 1.33333 6 t204
t 3206 8393 40 9 436 1.07143 3 t70
t 3171 8393 437 17 40 1.07143 6 t69
t 3069 8393 438 27 40 1.21429 2 t66
t 3103 8393 439 28 40 1.07143 6 t67
t 3151 8393 440 37 40 1.07143 2 t68
t 2189 8431 41 9 441 1.38462 5 t34
t 2521 8345 43 75 442 1.18182 5 t115
t 2613 8345 44 76 443 1.18182 5 t116
t 2705 8345 45 77 444 1.18182 5 t117
t 2798 8345 46 78 445 1.18182 5 t118
t 2891 8345 47 79 446 1.18182 5 t119
t 2555 8313 48 65 447 1.72727 3 t148
t 2535 8316 48 82 448 1.23077 5 t133
t 2647 8313 49 67 449 1.72727 3 t149
t 2627 8316 49 82 450 1.23077 4 t134
t 2739 8313 50 69 451 1.72727 3 t150
t 2719 8316 50 82 452 1.23077 4 t135
t 2832 8313 51 71 453 1.72727 3 t151
t 2812 8316 51 82 454 1.23077 4 t136
t 2925 8313 52 73 455 1.72727 3 t152
t 2905 8316 52 82 456 1.23077 4 t137
t 2189 8397 53 17 457 1.41667 5 t63
t 3137 8377 458 26 54 1.07143 7 t80
t 3083 8377 459 35 54 1.07143 2 t78
t 3118 8377 460 36 54 1.07143 3 t79
t 3186 8377 461 38 54 1.07143 7 t81
t 3259 8363 55 56 462 1.30769 0 t91
t 3259 8343 463 74 55 1.30769 0 t120
t 3260 8327 55 80 464 1.69231 4 t127
t 3118 8362 465 36 56 1.07143 2 t88
t 3151 8362 466 37 56 1.07143 7 t89
t 3186 8362 467 38 56 1.07143 6 t90
t 2188 8362 468 26 57 1.30769 1 t87
t 2555 8293 469 64 65 1.58333 0 t168
t 2555 8271 65 85 470 1.46154 4 t188
t 2647 8293 471 66 67 1.58333 0 t170
t 2647 8271 67 86 472 1.46154 4 t190
t 2739 8293 473 68 69 1.58333 0 t172
t 2739 8271 69 87 474 1.46154 4 t192
t 2832 8293 475 70 71 1.58333 0 t174
t 2832 8271 71 88 476 1.46154 4 t194
t 2925 8293 477 72 73 1.58333 0 t176
t 2925 8271 73 89 478 1.46154 4 t196
t 3171 8346 479 17 74 1.07143 7 t114
t 3103 8346 480 28 74 1.07143 3 t112
t 3151 8346 481 37 74 1.07143 2 t113
t 3171 8330 482 17 80 1.07143 7 t125
t 3137 8330 483 26 80 1.07143 2 t124
t 2189 8328 83 28 484 1.41667 5 t126
t 3171 8315 485 17 84 1.07143 6 t142
t 3069 8315 486 27 84 1.21429 7 t139
t 3118 8315 487 36 84 1.07143 2 t140
t 3151 8315 488 37 84 1.07143 3 t141
t 2488 8274 85 81 489 1.15385 4 t182
t 2580 8274 86 65 490 1.25 4 t183
t 2672 8274 87 67 491 1.25 4 t184
t 2765 8274 88 69 492 1.25 4 t185
t 2858 8274 89 71 493 1.25 4 t186
t 3103 8299 494 28 90 1.07143 6 t160
t 3083 8299 495 35 90 1.07143 3 t159
t 3151 8299 496 37 90 1.07143 2 t161
t 3186 8299 497 38 90 1.07143 3 t162
t 3220 8299 498 39 90 1.07143 7 t163
t 2188 8295 499 27 91 1.41667 1 t165
t 2537 8271 93 85 500 1.92308 5 t187
t 2629 8271 94 86 501 1.92308 5 t189
t 2721 8271 95 87 502 1.92308 5 t191
t 2814 8271 96 88 503 1.92308 5 t193
t 2907 8271 97 89 504 1.92308 5 t195
t 2876 8458 9 9 7 0.375 4 t22
t 3276 8485 7 15 16 0.270833 1 t7
t 2783 8458 17 17 7 0.375 4 t21
t 2278 8487 7 18 18 0.3125 7 t5
t 2238 8487 7 20 20 0.30349 7 t4
t 2316 8487 7 21 21 0.303047 7 t6
t 2295 8479 7 22 22 0.301484 3 t8
t 2218 8479 7 23 23 0.323437 7 t9
t 2334 8478 7 25 25 0.291667 3 t11
t 2690 8458 26 26 7 0.375 4 t20
t 2506 8458 27 27 7 0.375 4 t19
t 2597 8460 28 28 7 0.567663 4 t18
t 2256 8479 7 24 30 0.325653 3 t10
t 2992 8424 7 31 31 0.369565 1 t45
t 3029 8409 7 32 32 0.369565 5 t53
t 3029 8440 7 34 34 0.347826 1 t25
t 2992 8393 7 40 40 0.369565 1 t65
t 2165 8429 41 41 7 0.295455 5 t35
t 2511 8404 43 43 7 0.235609 1 t48
t 2603 8404 44 44 7 0.235609 1 t49
t 2695 8404 45 45 7 0.235609 1 t50
t 2788 8404 46 46 7 0.235609 1 t51
t 2881 8404 47 47 7 0.235609 1 t52
t 2555 8395 7 48 48 0.192308 0 t58
t 2647 8395 7 49 49 0.192308 0 t59
t 2739 8395 7 50 50 0.192308 0 t60
t 2832 8395 7 51 51 0.192308 0 t61
t 2925 8395 7 52 52 0.192308 0 t62
t 2164 8396 7 53 53 0.272727 5 t64
t 3029 8378 7 54 54 0.369565 1 t77
t 3287 8350 55 55 7 0.282609 0 t104
t 2992 8361 7 56 56 0.369565 1 t97
t 2165 8360 7 57 57 0.272727 1 t103
t 2569 8351 7 65 65 0.211538 5 t98
t 2661 8351 7 67 67 0.211538 5 t99
t 2753 8351 7 69 69 0.211538 5 t100
t 2846 8351 7 71 71 0.211538 5 t101
t 2939 8351 7 73 73 0.211538 5 t102
t 3029 8346 7 74 74 0.369565 1 t106
t 2992 8330 7 80 80 0.369565 1 t123
t 2467 8320 7 81 81 0.204066 7 t121
t 2165 8327 7 83 83 0.272727 5 t128
t 3029 8315 7 84 84 0.369565 5 t138
t 2490 8303 7 85 85 0.178571 3 t143
t 2582 8303 7 86 86 0.178571 5 t144
t 2674 8303 7 87 87 0.178571 5 t145
t 2767 8303 7 88 88 0.178571 5 t146
t 2860 8303 7 89 89 0.178571 5 t147
t 2992 8298 7 90 90 0.369565 5 t164
t 2164 8293 7 91 91 0.266667 5 t166
t 2524 8427 10 42 43 0.833333 4 t36
t 2616 8427 11 42 44 0.833333 4 t37
t 2708 8427 12 42 45 0.833333 4 t38
t 2801 8427 13 42 46 0.833333 4 t39
t 2894 8427 14 42 47 0.833333 4 t40
t 2278 8268 18 98 100 1.33333 5 t197
t 2319 8262 21 98 102 1 4 t199
t 2306 8262 22 98 101 0.866667 5 t198
t 2348 8277 25 98 99 0.933333 4 t181
t 2256 8459 30 24 33 0.9375 4 t23
t 3081 8224 35 35 103 0.189655 6 t205
t 3115 8224 36 36 104 0.189655 6 t206
t 3149 8224 37 37 105 0.189655 6 t207
t 3184 8224 38 38 106 0.189655 6 t208
t 3217 8224 39 39 107 0.189655 6 t209
t 2518 8362 43 42 59 1.07692 6 t92
t 2610 8362 44 42 60 1.07692 6 t93
t 2702 8362 45 42 61 1.07692 6 t94
t 2795 8362 46 42 62 1.07692 6 t95
t 2888 8362 47 42 63 1.07692 6 t96
t 2547 8347 48 58 75 0.785714 1 t107
t 2537 8293 48 64 93 2.08333 4 t167
t 2639 8347 49 58 76 0.785714 0 t108
t 2629 8293 49 66 94 2.08333 4 t169
t 2731 8347 50 58 77 0.785714 0 t109
t 2721 8293 50 68 95 2.08333 4 t171
t 2824 8347 51 58 78 0.785714 0 t110
t 2814 8293 51 70 96 2.08333 4 t173
t 2917 8347 52 58 79 0.785714 0 t111
t 2907 8293 52 72 97 2.08333 4 t175
g 2515 8294 381 gnd
g 2607 8294 382 gnd
g 2699 8294 383 gnd
g 2792 8294 384 gnd
g 2885 8294 385 gnd
g 2900 8478 386 gnd
g 2807 8478 387 gnd
g 2278 8435 388 gnd
g 2278 8366 389 gnd
g 2278 8394 390 gnd
g 2278 8318 391 gnd
g 2277 8285 392 gnd
g 2239 8435 393 gnd
g 2242 8386 394 gnd
g 2316 8366 395 gnd
g 2318 8299 396 gnd
g 2319 8332 397 gnd
g 2319 8420 398 gnd
g 2316 8394 399 gnd
g 2319 8352 400 gnd
g 2297 8435 401 gnd
g 2298 8366 402 gnd
g 2298 8394 403 gnd
g 2297 8326 404 gnd
g 2297 8285 405 gnd
g 2220 8428 406 gnd
g 2218 8386 407 gnd
g 2336 8435 408 gnd
g 2335 8366 409 gnd
g 2335 8394 410 gnd
g 2336 8318 411 gnd
g 2335 8285 412 gnd
g 2714 8478 413 gnd
g 2530 8478 414 gnd
g 2622 8478 415 gnd
g 3079 8424 416 gnd
g 3114 8424 417 gnd
g 3155 8424 418 gnd
g 3190 8424 419 gnd
g 3175 8409 420 gnd
g 3065 8410 421 gnd
g 3107 8410 422 gnd
g 3147 8409 423 gnd
g 2257 8366 424 gnd
g 2256 8318 425 gnd
g 2256 8285 426 gnd
g 3079 8441 427 gnd
g 3114 8441 428 gnd
g 3155 8441 429 gnd
g 3190 8441 430 gnd
g 3083 8253 431 gnd
g 3117 8253 432 gnd
g 3151 8253 433 gnd
g 3186 8253 434 gnd
g 3219 8253 435 gnd
g 3210 8394 436 gnd
g 3175 8392 437 gnd
g 3065 8392 438 gnd
g 3107 8392 439 gnd
g 3147 8392 440 gnd
g 2188 8427 441 gnd
g 2520 8341 442 gnd
g 2612 8341 443 gnd
g 2704 8341 444 gnd
g 2797 8341 445 gnd
g 2890 8341 446 gnd
g 2559 8314 447 gnd
g 2534 8312 448 gnd
g 2651 8314 449 gnd
g 2628 8312 450 gnd
g 2743 8314 451 gnd
g 2720 8312 452 gnd
g 2836 8314 453 gnd
g 2813 8312 454 gnd
g 2929 8314 455 gnd
g 2906 8312 456 gnd
g 2188 8393 457 gnd
g 3141 8378 458 gnd
g 3079 8376 459 gnd
g 3114 8378 460 gnd
g 3190 8378 461 gnd
g 3260 8367 462 gnd
g 3260 8339 463 gnd
g 3261 8323 464 gnd
g 3114 8361 465 gnd
g 3155 8363 466 gnd
g 3190 8361 467 gnd
g 2187 8358 468 gnd
g 2556 8289 469 gnd
g 2556 8267 470 gnd
g 2648 8289 471 gnd
g 2648 8267 472 gnd
g 2740 8289 473 gnd
g 2740 8267 474 gnd
g 2833 8289 475 gnd
g 2833 8267 476 gnd
g 2926 8289 477 gnd
g 2926 8267 478 gnd
g 3175 8347 479 gnd
g 3099 8347 480 gnd
g 3147 8345 481 gnd
g 3175 8331 482 gnd
g 3133 8329 483 gnd
g 2188 8324 484 gnd
g 3175 8314 485 gnd
g 3073 8316 486 gnd
g 3114 8314 487 gnd
g 3147 8316 488 gnd
g 2489 8270 489 gnd
g 2581 8270 490 gnd
g 2673 8270 491 gnd
g 2766 8270 492 gnd
g 2859 8270 493 gnd
g 3107 8298 494 gnd
g 3079 8300 495 gnd
g 3147 8298 496 gnd
g 3182 8300 497 gnd
g 3224 8300 498 gnd
g 2187 8291 499 gnd
g 2536 8267 500 gnd
g 2628 8267 501 gnd
g 2720 8267 502 gnd
g 2813 8267 503 gnd
g 2906 8267 504 gnd
505 nets
2 3232 8458 3242 8533 1 1 0 0 0
1 3238 8538 0 0 1
3 3246 8538 3257 8525 3256 8481 2 1 0 2 1 1 1 2
2 3299 8502 3280 8506 1 1 0 0 3
1 3252 8521 0 0 4
0 0 0 gnd
1 3257 8517 0 0 6
52 3256 8473 3299 8494 2877 8454 3275 8481 2784 8454 2282 8488 2242 8488 2320 8488 2291 8480 2222 8480 2330 8479 2691 8454 2507 8454 2598 8456 2252 8480 2991 8420 3028 8413 3028 8436 2991 8389 2164 8425 2510 8408 2602 8408 2694 8408 2787 8408 2880 8408 2556 8391 2648 8391 2740 8391 2833 8391 2926 8391 2163 8400 3028 8374 3288 8354 2991 8357 2164 8356 2568 8355 2660 8355 2752 8355 2845 8355 2938 8355 3028 8342 2991 8326 2471 8321 2164 8331 3028 8319 2486 8304 2581 8307 2673 8307 2766 8307 2859 8307 2991 8302 2163 8297 51 5 8 6 14 7 10 16 17 44 40 50 41 43 34 30 19 3 0 9 6 15 18 33 41 18 33 40 31 42 45 51 43 1 3 8 7 14 5 31 16 41 44 34 30 29 39 35 25 36 26 37 27 38 28 2 24 4 23 11 22 12 20 13 21 39 33 46 35 47 36 48 37 49 38 20 25 21 26 22 27 23 28 24 29 25 21 26 22 27 23 28 24 45 46 19 9 32 3 10 12 17 0 39 6 5 7 3 9 14 8 10 0 12 17 19 16 20 21 22 23 24 30 25 26 27 28 29 18 31 33 34 35 36 37 38 39 40 43 41 44 46 45 7
1 3227 8454 0 0 8
10 2892 8478 2283 8439 2244 8439 2292 8439 2331 8439 3215 8258 3206 8389 2193 8431 2877 8462 2872 8458 9 1 3 9 8 8 0 2 1 3 4 7 2 5 6 6 8 4 9 7 8 9 2 1 3 4 6 9
2 2526 8473 2525 8431 1 1 0 0 10
2 2618 8473 2617 8431 1 1 0 0 11
2 2710 8473 2709 8431 1 1 0 0 12
2 2803 8473 2802 8431 1 1 0 0 13
2 2896 8473 2895 8431 1 1 0 0 14
3 3294 8498 3276 8501 3280 8485 2 2 1 1 0 1 1 15
2 3272 8506 3275 8489 1 1 0 0 16
10 2799 8478 3171 8404 3182 8258 3171 8397 2193 8397 3171 8342 3171 8326 3171 8319 2784 8462 2779 8458 9 3 1 7 6 9 8 6 5 8 0 5 3 2 7 1 8 4 9 7 8 9 1 3 5 6 7 17
8 2278 8443 2278 8374 2278 8386 2278 8326 2277 8293 2274 8488 2278 8483 2277 8272 7 5 6 1 2 7 4 4 3 6 0 3 1 2 0 6 6 0 2 1 3 4 18
1 3251 8477 0 0 19
4 2239 8443 2242 8394 2234 8488 2238 8483 3 2 3 3 0 1 0 2 3 0 20
9 2316 8374 2318 8307 2319 8340 2319 8428 2316 8386 2319 8360 2312 8488 2316 8483 2320 8266 8 6 7 4 0 5 0 2 5 1 2 8 1 3 4 7 3 7 7 3 4 0 5 2 1 21
8 2297 8443 2298 8374 2298 8386 2297 8318 2297 8293 2299 8480 2295 8475 2305 8266 7 5 6 1 2 4 3 6 0 7 4 3 1 2 0 6 6 0 2 1 3 4 22
4 2220 8420 2218 8394 2214 8480 2218 8475 3 2 3 1 0 3 0 2 3 0 23
2 2256 8475 2252 8459 1 1 0 0 24
8 2336 8443 2335 8374 2335 8386 2336 8326 2335 8293 2338 8479 2334 8474 2349 8281 7 5 6 1 2 7 4 6 0 4 3 3 1 2 0 6 6 0 2 1 3 4 25
12 2283 8370 2321 8370 2293 8370 2330 8370 2706 8478 2262 8370 3147 8258 3137 8373 2192 8362 3137 8334 2691 8462 2686 8458 11 3 1 10 11 2 0 5 0 1 2 4 10 9 7 8 5 6 9 11 3 7 10 9 10 11 7 5 0 2 1 3 9 26
9 2313 8303 2522 8478 3069 8405 3079 8258 3069 8397 3069 8311 2192 8295 2507 8462 2502 8458 8 4 2 7 8 1 7 3 5 5 4 6 0 8 0 2 7 6 7 8 2 4 5 0 27
10 2314 8336 2614 8478 3103 8405 3113 8258 3103 8397 3103 8342 2193 8328 3103 8303 2598 8464 2593 8460 9 4 2 8 9 1 8 7 5 3 7 5 4 6 0 9 0 2 1 8 1 8 9 2 4 5 0 7 28
0 0 0 29
2 2260 8480 2257 8463 1 1 0 0 30
6 3087 8424 3122 8424 3147 8424 3182 8424 2991 8428 2996 8424 5 4 5 2 1 1 0 3 2 5 0 4 5 0 1 2 31
6 3167 8409 3073 8410 3099 8410 3155 8409 3028 8405 3033 8409 5 4 5 3 0 1 2 5 1 2 3 4 1 2 5 3 32
4 2257 8374 2256 8326 2256 8293 2257 8455 3 2 1 1 0 3 0 2 0 1 33
7 3232 8450 3087 8441 3122 8441 3147 8441 3182 8441 3028 8444 3033 8440 6 5 6 2 3 1 2 3 4 6 1 4 0 5 1 2 3 4 6 34
7 3083 8429 3083 8436 3075 8253 3083 8381 3083 8295 3085 8223 3081 8228 6 1 0 5 6 6 2 3 0 2 4 4 3 5 0 3 4 2 6 35
8 3118 8429 3118 8436 3109 8253 3118 8373 3118 8366 3118 8319 3119 8223 3115 8228 7 1 0 4 3 6 7 7 2 5 4 3 0 2 5 6 0 3 4 5 2 7 36
11 3151 8429 3151 8404 3151 8436 3143 8253 3151 8397 3151 8358 3151 8350 3151 8311 3151 8303 3153 8223 3149 8228 10 2 0 4 1 6 5 8 7 9 10 1 0 10 3 5 4 7 6 3 8 9 0 1 4 5 6 7 8 3 10 37
8 3186 8429 3186 8436 3178 8253 3186 8373 3186 8366 3186 8295 3188 8223 3184 8228 7 1 0 4 3 6 7 7 2 2 5 3 0 5 4 6 0 3 4 5 2 7 38
4 3211 8253 3220 8295 3221 8223 3217 8228 3 2 3 3 0 1 0 2 0 3 39
7 3202 8394 3167 8392 3073 8392 3099 8392 3155 8392 2991 8397 2996 8393 6 5 6 4 1 2 3 1 0 3 4 6 2 5 6 2 3 4 1 40
5 2314 8424 2215 8424 2188 8435 2164 8433 2169 8429 4 3 4 4 2 2 1 1 0 3 2 4 1 41
10 2520 8427 2612 8427 2704 8427 2797 8427 2890 8427 2518 8366 2610 8366 2702 8366 2795 8366 2888 8366 9 1 6 2 7 3 8 4 9 5 0 6 5 7 6 8 7 9 8 5 5 6 7 8 9 42
5 2520 8349 2510 8400 2515 8404 2525 8423 2522 8361 4 1 2 4 0 3 2 2 4 2 2 4 43
5 2612 8349 2602 8400 2607 8404 2617 8423 2614 8361 4 1 2 4 0 3 2 2 4 2 2 4 44
5 2704 8349 2694 8400 2699 8404 2709 8423 2706 8361 4 1 2 4 0 3 2 2 4 2 2 4 45
5 2797 8349 2787 8400 2792 8404 2802 8423 2799 8361 4 1 2 4 0 3 2 2 4 2 2 4 46
5 2890 8349 2880 8400 2885 8404 2895 8423 2892 8361 4 1 2 4 0 3 2 2 4 2 2 4 47
6 2551 8314 2534 8320 2556 8399 2551 8395 2546 8343 2538 8297 5 2 3 1 0 5 1 4 0 3 4 4 3 4 1 0 48
6 2643 8314 2628 8320 2648 8399 2643 8395 2640 8343 2630 8297 5 2 3 1 0 5 1 4 0 3 4 4 3 4 1 0 49
6 2735 8314 2720 8320 2740 8399 2735 8395 2732 8343 2722 8297 5 2 3 1 0 5 1 4 0 3 4 4 3 4 1 0 50
6 2828 8314 2813 8320 2833 8399 2828 8395 2825 8343 2815 8297 5 2 3 1 0 5 1 4 0 3 4 4 3 4 1 0 51
6 2921 8314 2906 8320 2926 8399 2921 8395 2918 8343 2908 8297 5 2 3 1 0 5 1 4 0 3 4 4 3 4 1 0 52
9 2283 8390 2237 8390 2321 8390 2293 8390 2223 8390 2330 8390 2188 8401 2163 8392 2168 8396 8 5 2 7 8 3 0 4 1 8 6 2 3 1 0 6 4 7 6 8 4 1 0 3 2 53
6 3133 8378 3087 8376 3122 8378 3182 8378 3028 8382 3033 8378 5 4 5 2 0 1 2 3 0 5 1 4 5 2 0 1 54
5 3260 8359 3260 8347 3261 8331 3288 8346 3283 8350 4 3 4 1 0 2 1 4 1 2 4 1 55
6 3255 8363 3122 8361 3147 8363 3182 8361 2991 8365 2996 8361 5 4 5 1 2 2 3 3 0 5 1 4 2 5 1 3 56
4 2314 8356 2187 8366 2164 8364 2169 8360 3 2 3 3 1 1 0 2 1 3 57
5 2551 8347 2635 8347 2727 8347 2820 8347 2913 8347 4 1 0 2 1 3 2 4 3 3 1 2 3 58
1 2514 8361 0 0 59
1 2606 8361 0 0 60
1 2698 8361 0 0 61
1 2791 8361 0 0 62
1 2884 8361 0 0 63
3 2520 8298 2551 8293 2533 8293 2 1 2 2 0 1 2 64
6 2555 8309 2556 8297 2556 8275 2576 8274 2568 8347 2573 8351 5 5 4 1 0 3 2 2 1 4 0 4 4 0 1 2 65
3 2612 8298 2643 8293 2625 8293 2 1 2 2 0 1 2 66
6 2647 8309 2648 8297 2648 8275 2668 8274 2660 8347 2665 8351 5 5 4 1 0 3 2 2 1 4 0 4 4 0 1 2 67
3 2704 8298 2735 8293 2717 8293 2 1 2 2 0 1 2 68
6 2739 8309 2740 8297 2740 8275 2761 8274 2752 8347 2757 8351 5 5 4 1 0 2 1 3 2 4 0 4 4 0 1 2 69
3 2797 8298 2828 8293 2810 8293 2 1 2 2 0 1 2 70
6 2832 8309 2833 8297 2833 8275 2854 8274 2845 8347 2850 8351 5 5 4 1 0 2 1 3 2 4 0 4 4 0 1 2 71
3 2890 8298 2921 8293 2903 8293 2 1 2 2 0 1 2 72
5 2925 8309 2926 8297 2926 8275 2938 8347 2943 8351 4 4 3 1 0 2 1 3 0 3 3 0 1 73
6 3255 8343 3167 8347 3107 8347 3155 8345 3028 8350 3033 8346 5 4 5 3 1 2 3 5 2 1 0 4 2 1 5 3 74
2 2525 8345 2546 8351 1 1 0 0 75
2 2617 8345 2640 8351 1 1 0 0 76
2 2709 8345 2732 8351 1 1 0 0 77
2 2802 8345 2825 8351 1 1 0 0 78
2 2895 8345 2918 8351 1 1 0 0 79
5 3256 8327 3167 8331 3141 8329 2991 8334 2996 8330 4 3 4 2 1 1 0 4 2 3 1 4 2 80
3 2484 8274 2463 8321 2467 8316 2 1 2 2 0 1 2 81
5 2539 8316 2623 8316 2715 8316 2808 8316 2901 8316 4 1 0 2 1 3 2 4 3 3 1 2 3 82
7 2283 8322 2292 8322 2331 8322 2261 8322 2188 8332 2164 8323 2169 8327 6 1 0 5 6 3 0 6 4 2 1 4 3 5 4 6 3 0 1 83
6 3167 8314 3065 8316 3122 8314 3155 8316 3028 8311 3033 8315 5 4 5 3 0 5 1 2 3 1 2 4 1 3 5 2 84
5 2551 8271 2489 8278 2541 8271 2494 8304 2490 8299 4 3 4 2 0 4 1 1 2 3 4 1 2 85
5 2643 8271 2581 8278 2633 8271 2581 8299 2586 8303 4 4 3 2 0 3 1 1 2 3 3 1 2 86
5 2735 8271 2673 8278 2725 8271 2673 8299 2678 8303 4 4 3 2 0 3 1 1 2 3 3 1 2 87
5 2828 8271 2766 8278 2818 8271 2766 8299 2771 8303 4 4 3 2 0 3 1 1 2 3 3 1 2 88
5 2921 8271 2859 8278 2911 8271 2859 8299 2864 8303 4 4 3 2 0 3 1 1 2 3 3 1 2 89
7 3099 8298 3087 8300 3155 8298 3190 8300 3216 8300 2991 8294 2996 8298 6 5 6 1 0 4 3 3 2 2 0 6 1 5 1 3 6 0 2 90
7 2282 8289 2292 8289 2330 8289 2261 8289 2187 8299 2163 8289 2168 8293 6 5 6 1 0 3 0 6 4 2 1 4 3 5 4 6 3 0 1 91
0 0 0 92
2 2536 8275 2538 8289 1 1 0 0 93
2 2628 8275 2630 8289 1 1 0 0 94
2 2720 8275 2722 8289 1 1 0 0 95
2 2813 8275 2815 8289 1 1 0 0 96
2 2906 8275 2908 8289 1 1 0 0 97
4 2282 8268 2315 8262 2310 8262 2344 8277 3 1 2 2 0 3 1 2 2 1 98
1 2349 8273 0 0 99
1 2277 8264 0 0 100
1 2305 8258 0 0 101
1 2320 8258 0 0 102
1 3077 8223 0 0 103
1 3111 8223 0 0 104
1 3145 8223 0 0 105
1 3180 8223 0 0 106
1 3213 8223 0 0 107
0 0 0 108
0 0 0 109
0 0 0 110
0 0 0 111
0 0 0 112
0 0 0 113
0 0 0 114
0 0 0 115
0 0 0 116
0 0 0 117
0 0 0 118
0 0 0 119
0 0 0 120
0 0 0 121
0 0 0 122
0 0 0 123
0 0 0 124
0 0 0 125
0 0 0 vcc
0 0 0 127
0 0 0 128
0 0 0 129
0 0 0 130
0 0 0 131
0 0 0 132
0 0 0 133
0 0 0 134
0 0 0 135
0 0 0 136
0 0 0 137
0 0 0 138
0 0 0 139
0 0 0 140
0 0 0 141
0 0 0 142
0 0 0 143
0 0 0 144
0 0 0 145
0 0 0 146
0 0 0 147
0 0 0 148
0 0 0 149
0 0 0 150
0 0 0 151
0 0 0 152
0 0 0 153
0 0 0 154
0 0 0 155
0 0 0 156
0 0 0 157
0 0 0 158
0 0 0 159
0 0 0 160
0 0 0 161
0 0 0 162
0 0 0 163
0 0 0 164
0 0 0 165
0 0 0 166
0 0 0 167
0 0 0 168
0 0 0 169
0 0 0 170
0 0 0 171
0 0 0 172
0 0 0 173
0 0 0 174
0 0 0 175
0 0 0 176
0 0 0 177
0 0 0 178
0 0 0 179
0 0 0 180
0 0 0 181
0 0 0 182
0 0 0 183
0 0 0 184
0 0 0 185
0 0 0 186
0 0 0 187
0 0 0 188
0 0 0 189
0 0 0 190
0 0 0 191
0 0 0 192
0 0 0 193
0 0 0 194
0 0 0 195
0 0 0 196
0 0 0 197
0 0 0 198
0 0 0 199
0 0 0 200
0 0 0 201
0 0 0 202
0 0 0 203
0 0 0 204
0 0 0 205
0 0 0 206
0 0 0 207
0 0 0 208
0 0 0 209
0 0 0 210
0 0 0 211
0 0 0 212
0 0 0 213
0 0 0 214
0 0 0 215
0 0 0 216
0 0 0 217
0 0 0 218
0 0 0 219
0 0 0 220
0 0 0 221
0 0 0 222
0 0 0 223
0 0 0 224
0 0 0 225
0 0 0 226
0 0 0 227
0 0 0 228
0 0 0 229
0 0 0 230
0 0 0 231
0 0 0 232
0 0 0 233
0 0 0 234
0 0 0 235
0 0 0 236
0 0 0 237
0 0 0 238
0 0 0 239
0 0 0 240
0 0 0 241
0 0 0 242
0 0 0 243
0 0 0 244
0 0 0 245
0 0 0 246
0 0 0 247
0 0 0 248
0 0 0 249
0 0 0 250
0 0 0 251
0 0 0 252
0 0 0 253
0 0 0 254
0 0 0 255
0 0 0 256
0 0 0 257
0 0 0 258
0 0 0 259
0 0 0 260
0 0 0 261
0 0 0 262
0 0 0 263
0 0 0 264
0 0 0 265
0 0 0 266
0 0 0 267
0 0 0 268
0 0 0 269
0 0 0 270
0 0 0 271
0 0 0 272
0 0 0 273
0 0 0 274
0 0 0 275
0 0 0 276
0 0 0 277
0 0 0 278
0 0 0 279
0 0 0 280
0 0 0 281
0 0 0 282
0 0 0 283
0 0 0 284
0 0 0 285
0 0 0 286
0 0 0 287
0 0 0 288
0 0 0 289
0 0 0 290
0 0 0 291
0 0 0 292
0 0 0 293
0 0 0 294
0 0 0 295
0 0 0 296
0 0 0 297
0 0 0 298
0 0 0 299
0 0 0 300
0 0 0 301
0 0 0 302
0 0 0 303
0 0 0 304
0 0 0 305
0 0 0 306
0 0 0 307
0 0 0 308
0 0 0 309
0 0 0 310
0 0 0 311
0 0 0 312
0 0 0 313
0 0 0 314
0 0 0 315
0 0 0 316
0 0 0 317
0 0 0 318
0 0 0 319
0 0 0 320
0 0 0 321
0 0 0 322
0 0 0 323
0 0 0 324
0 0 0 325
0 0 0 326
0 0 0 327
0 0 0 328
0 0 0 329
0 0 0 330
0 0 0 331
0 0 0 332
0 0 0 333
0 0 0 334
0 0 0 335
0 0 0 336
0 0 0 337
0 0 0 338
0 0 0 339
0 0 0 340
0 0 0 341
0 0 0 342
0 0 0 343
0 0 0 344
0 0 0 345
0 0 0 346
0 0 0 347
0 0 0 348
0 0 0 349
0 0 0 350
0 0 0 351
0 0 0 352
0 0 0 353
0 0 0 354
0 0 0 355
0 0 0 356
0 0 0 357
0 0 0 358
0 0 0 359
0 0 0 360
0 0 0 361
0 0 0 362
0 0 0 363
0 0 0 364
0 0 0 365
0 0 0 366
0 0 0 367
0 0 0 368
0 0 0 369
0 0 0 370
0 0 0 371
0 0 0 372
0 0 0 373
0 0 0 374
0 0 0 375
0 0 0 376
0 0 0 377
0 0 0 378
0 0 0 379
0 0 0 380
3 2515 8294 2515 8294 2515 8302 1 2 1 1 0 gnd
3 2607 8294 2607 8294 2607 8302 1 2 1 1 0 gnd
3 2699 8294 2699 8294 2699 8302 1 2 1 1 0 gnd
3 2792 8294 2792 8294 2792 8302 1 2 1 1 0 gnd
3 2885 8294 2885 8294 2885 8302 1 2 1 1 0 gnd
2 2900 8478 2900 8478 0 0 gnd
2 2807 8478 2807 8478 0 0 gnd
2 2278 8435 2278 8435 0 0 gnd
2 2278 8366 2278 8366 0 0 gnd
2 2278 8394 2278 8394 0 0 gnd
2 2278 8318 2278 8318 0 0 gnd
2 2277 8285 2277 8285 0 0 gnd
2 2239 8435 2239 8435 0 0 gnd
2 2242 8386 2242 8386 0 0 gnd
2 2316 8366 2316 8366 0 0 gnd
2 2318 8299 2318 8299 0 0 gnd
2 2319 8332 2319 8332 0 0 gnd
2 2319 8420 2319 8420 0 0 gnd
2 2316 8394 2316 8394 0 0 gnd
2 2319 8352 2319 8352 0 0 gnd
2 2297 8435 2297 8435 0 0 gnd
2 2298 8366 2298 8366 0 0 gnd
2 2298 8394 2298 8394 0 0 gnd
2 2297 8326 2297 8326 0 0 gnd
2 2297 8285 2297 8285 0 0 gnd
2 2220 8428 2220 8428 0 0 gnd
2 2218 8386 2218 8386 0 0 gnd
2 2336 8435 2336 8435 0 0 gnd
2 2335 8366 2335 8366 0 0 gnd
2 2335 8394 2335 8394 0 0 gnd
2 2336 8318 2336 8318 0 0 gnd
2 2335 8285 2335 8285 0 0 gnd
2 2714 8478 2714 8478 0 0 gnd
2 2530 8478 2530 8478 0 0 gnd
2 2622 8478 2622 8478 0 0 gnd
2 3079 8424 3079 8424 0 0 gnd
2 3114 8424 3114 8424 0 0 gnd
2 3155 8424 3155 8424 0 0 gnd
2 3190 8424 3190 8424 0 0 gnd
2 3175 8409 3175 8409 0 0 gnd
2 3065 8410 3065 8410 0 0 gnd
2 3107 8410 3107 8410 0 0 gnd
2 3147 8409 3147 8409 0 0 gnd
2 2257 8366 2257 8366 0 0 gnd
2 2256 8318 2256 8318 0 0 gnd
2 2256 8285 2256 8285 0 0 gnd
2 3079 8441 3079 8441 0 0 gnd
2 3114 8441 3114 8441 0 0 gnd
2 3155 8441 3155 8441 0 0 gnd
2 3190 8441 3190 8441 0 0 gnd
2 3083 8253 3083 8253 0 0 gnd
2 3117 8253 3117 8253 0 0 gnd
2 3151 8253 3151 8253 0 0 gnd
2 3186 8253 3186 8253 0 0 gnd
2 3219 8253 3219 8253 0 0 gnd
2 3210 8394 3210 8394 0 0 gnd
2 3175 8392 3175 8392 0 0 gnd
2 3065 8392 3065 8392 0 0 gnd
2 3107 8392 3107 8392 0 0 gnd
2 3147 8392 3147 8392 0 0 gnd
2 2188 8427 2188 8427 0 0 gnd
2 2520 8341 2520 8341 0 0 gnd
2 2612 8341 2612 8341 0 0 gnd
2 2704 8341 2704 8341 0 0 gnd
2 2797 8341 2797 8341 0 0 gnd
2 2890 8341 2890 8341 0 0 gnd
2 2559 8314 2559 8314 0 0 gnd
2 2534 8312 2534 8312 0 0 gnd
2 2651 8314 2651 8314 0 0 gnd
2 2628 8312 2628 8312 0 0 gnd
2 2743 8314 2743 8314 0 0 gnd
2 2720 8312 2720 8312 0 0 gnd
2 2836 8314 2836 8314 0 0 gnd
2 2813 8312 2813 8312 0 0 gnd
2 2929 8314 2929 8314 0 0 gnd
2 2906 8312 2906 8312 0 0 gnd
2 2188 8393 2188 8393 0 0 gnd
2 3141 8378 3141 8378 0 0 gnd
2 3079 8376 3079 8376 0 0 gnd
2 3114 8378 3114 8378 0 0 gnd
2 3190 8378 3190 8378 0 0 gnd
2 3260 8367 3260 8367 0 0 gnd
2 3260 8339 3260 8339 0 0 gnd
2 3261 8323 3261 8323 0 0 gnd
2 3114 8361 3114 8361 0 0 gnd
2 3155 8363 3155 8363 0 0 gnd
2 3190 8361 3190 8361 0 0 gnd
2 2187 8358 2187 8358 0 0 gnd
2 2556 8289 2556 8289 0 0 gnd
2 2556 8267 2556 8267 0 0 gnd
2 2648 8289 2648 8289 0 0 gnd
2 2648 8267 2648 8267 0 0 gnd
2 2740 8289 2740 8289 0 0 gnd
2 2740 8267 2740 8267 0 0 gnd
2 2833 8289 2833 8289 0 0 gnd
2 2833 8267 2833 8267 0 0 gnd
2 2926 8289 2926 8289 0 0 gnd
2 2926 8267 2926 8267 0 0 gnd
2 3175 8347 3175 8347 0 0 gnd
2 3099 8347 3099 8347 0 0 gnd
2 3147 8345 3147 8345 0 0 gnd
2 3175 8331 3175 8331 0 0 gnd
2 3133 8329 3133 8329 0 0 gnd
2 2188 8324 2188 8324 0 0 gnd
2 3175 8314 3175 8314 0 0 gnd
2 3073 8316 3073 8316 0 0 gnd
2 3114 8314 3114 8314 0 0 gnd
2 3147 8316 3147 8316 0 0 gnd
2 2489 8270 2489 8270 0 0 gnd
2 2581 8270 2581 8270 0 0 gnd
2 2673 8270 2673 8270 0 0 gnd
2 2766 8270 2766 8270 0 0 gnd
2 2859 8270 2859 8270 0 0 gnd
2 3107 8298 3107 8298 0 0 gnd
2 3079 8300 3079 8300 0 0 gnd
2 3147 8298 3147 8298 0 0 gnd
2 3182 8300 3182 8300 0 0 gnd
2 3224 8300 3224 8300 0 0 gnd
2 2187 8291 2187 8291 0 0 gnd
2 2536 8267 2536 8267 0 0 gnd
2 2628 8267 2628 8267 0 0 gnd
2 2720 8267 2720 8267 0 0 gnd
2 2813 8267 2813 8267 0 0 gnd
2 2906 8267 2906 8267 0 0 gnd
